MEME version 4

ALPHABET= ACGU

Background letter frequencies:
A 0.2391 C 0.2430 G 0.2658 U 0.2521

MOTIF filter0
letter-probability matrix: alength= 4 w= 7 nsites= 17420
0.0958 0.3260 0.1131 0.4650
0.6719 0.0083 0.0228 0.2970
0.3686 0.1325 0.0218 0.4771
0.2815 0.0212 0.0999 0.5974
0.2275 0.1893 0.2214 0.3618
0.2692 0.2047 0.1672 0.3589
0.2753 0.1970 0.1815 0.3462

MOTIF filter1
letter-probability matrix: alength= 4 w= 7 nsites= 10146
0.1429 0.5812 0.0229 0.2531
0.0757 0.3493 0.0552 0.5199
0.0228 0.6866 0.2728 0.0178
0.6179 0.1425 0.2241 0.0155
0.1690 0.3356 0.3197 0.1758
0.1868 0.3508 0.2864 0.1760
0.1797 0.2900 0.2927 0.2375

MOTIF filter2
letter-probability matrix: alength= 4 w= 7 nsites= 4719
0.0362 0.5808 0.0673 0.3157
0.8251 0.0114 0.0038 0.1596
0.0066 0.8776 0.0284 0.0874
0.5179 0.0531 0.0100 0.4190
0.2255 0.1933 0.2818 0.2994
0.2860 0.2225 0.2001 0.2913
0.2509 0.2310 0.2124 0.3057

MOTIF filter3
letter-probability matrix: alength= 4 w= 7 nsites= 4349
0.1002 0.0315 0.5178 0.3506
0.1989 0.1413 0.5169 0.1429
0.2929 0.3747 0.1314 0.2010
0.2529 0.1059 0.1043 0.5369
0.2766 0.1647 0.2610 0.2977
0.2474 0.1966 0.1904 0.3655
0.2708 0.1842 0.2651 0.2798

MOTIF filter4
letter-probability matrix: alength= 4 w= 7 nsites= 17183
0.0856 0.1551 0.2753 0.4840
0.0098 0.3504 0.4027 0.2371
0.0691 0.2979 0.2049 0.4281
0.2071 0.1630 0.2012 0.4286
0.1758 0.3089 0.2831 0.2322
0.1930 0.3103 0.2510 0.2457
0.2094 0.2771 0.2643 0.2491

MOTIF filter5
letter-probability matrix: alength= 4 w= 7 nsites= 15785
0.0217 0.1078 0.0125 0.8579
0.0575 0.1476 0.0384 0.7565
0.0756 0.4865 0.1215 0.3165
0.3089 0.3062 0.1224 0.2625
0.2350 0.2065 0.1699 0.3886
0.2697 0.1564 0.2136 0.3604
0.2475 0.1752 0.1897 0.3875

MOTIF filter6
letter-probability matrix: alength= 4 w= 7 nsites= 4886
0.1121 0.4957 0.3456 0.0466
0.3748 0.1663 0.0654 0.3935
0.0859 0.5761 0.0360 0.3020
0.1714 0.1123 0.1333 0.5830
0.1658 0.2742 0.3366 0.2233
0.2368 0.2812 0.2466 0.2354
0.2493 0.2440 0.2796 0.2272

MOTIF filter7
letter-probability matrix: alength= 4 w= 7 nsites= 8176
0.0733 0.5324 0.0413 0.3529
0.2055 0.0175 0.5202 0.2568
0.1599 0.0227 0.7938 0.0236
0.3708 0.2982 0.0914 0.2396
0.2253 0.2493 0.3024 0.2230
0.1600 0.2348 0.3911 0.2141
0.1894 0.2655 0.3320 0.2131

MOTIF filter8
letter-probability matrix: alength= 4 w= 7 nsites= 14862
0.0675 0.3076 0.5546 0.0704
0.1486 0.1524 0.5461 0.1529
0.2384 0.2214 0.4319 0.1082
0.2473 0.2929 0.3778 0.0821
0.1999 0.2558 0.3492 0.1952
0.1857 0.2486 0.3777 0.1880
0.1760 0.2697 0.3482 0.2061

MOTIF filter9
letter-probability matrix: alength= 4 w= 7 nsites= 5082
0.6545 0.1355 0.0155 0.1945
0.0020 0.8466 0.1308 0.0206
0.8852 0.0092 0.0828 0.0228
0.0346 0.2639 0.4705 0.2310
0.2322 0.2631 0.3107 0.1941
0.2177 0.2430 0.2835 0.2558
0.2314 0.2373 0.3187 0.2125

MOTIF filter10
letter-probability matrix: alength= 4 w= 7 nsites= 3933
0.0828 0.1021 0.0864 0.7287
0.2101 0.1562 0.0864 0.5474
0.2184 0.0897 0.2362 0.4557
0.1234 0.0488 0.3612 0.4666
0.2250 0.1107 0.1867 0.4775
0.1836 0.1361 0.1715 0.5088
0.2197 0.1369 0.1974 0.4460

MOTIF filter11
letter-probability matrix: alength= 4 w= 7 nsites= 12120
0.2921 0.0154 0.5884 0.1041
0.3138 0.0087 0.5678 0.1096
0.5925 0.0078 0.3233 0.0764
0.3743 0.0271 0.4377 0.1609
0.2769 0.2093 0.3214 0.1924
0.2718 0.2170 0.2915 0.2197
0.2688 0.2077 0.3093 0.2142

MOTIF filter12
letter-probability matrix: alength= 4 w= 7 nsites= 13221
0.0291 0.1975 0.3080 0.4654
0.4847 0.0259 0.4017 0.0878
0.4446 0.1093 0.2935 0.1527
0.1750 0.2614 0.4264 0.1372
0.2864 0.2288 0.2583 0.2265
0.2403 0.2048 0.2873 0.2675
0.1957 0.2425 0.3347 0.2271

MOTIF filter13
letter-probability matrix: alength= 4 w= 7 nsites= 7720
0.0967 0.7403 0.0847 0.0783
0.0513 0.1736 0.0887 0.6864
0.2136 0.2941 0.0726 0.4196
0.1785 0.5074 0.1111 0.2030
0.2403 0.2762 0.1649 0.3186
0.2382 0.2469 0.2167 0.2982
0.2683 0.2411 0.2127 0.2780

MOTIF filter14
letter-probability matrix: alength= 4 w= 7 nsites= 7507
0.1302 0.0109 0.7201 0.1387
0.4508 0.3910 0.0683 0.0899
0.0361 0.0852 0.5091 0.3696
0.0264 0.2396 0.6566 0.0774
0.2025 0.2737 0.3300 0.1937
0.1675 0.2518 0.3979 0.1828
0.1614 0.2644 0.4137 0.1606

MOTIF filter15
letter-probability matrix: alength= 4 w= 7 nsites= 7217
0.0338 0.0825 0.8121 0.0716
0.5721 0.0636 0.2428 0.1216
0.4499 0.0082 0.4721 0.0698
0.7595 0.0528 0.0205 0.1673
0.2678 0.1874 0.2983 0.2465
0.2369 0.2001 0.3175 0.2454
0.2671 0.2220 0.2781 0.2328

