MEME version 4

ALPHABET= ACGU

Background letter frequencies:
A 0.2635 C 0.2029 G 0.1946 U 0.3390

MOTIF filter0
letter-probability matrix: alength= 4 w= 7 nsites= 26600
0.0908 0.2853 0.0845 0.5394
0.6597 0.0057 0.0165 0.3181
0.3592 0.1091 0.0111 0.5207
0.2627 0.0124 0.0658 0.6591
0.2395 0.1805 0.1798 0.4002
0.2600 0.2003 0.1454 0.3943
0.2634 0.1956 0.1451 0.3958

MOTIF filter1
letter-probability matrix: alength= 4 w= 7 nsites= 8675
0.1524 0.4646 0.0113 0.3717
0.0847 0.2690 0.0259 0.6203
0.0399 0.7352 0.1928 0.0321
0.7149 0.1416 0.1232 0.0203
0.2007 0.3216 0.2333 0.2444
0.2462 0.2754 0.1855 0.2929
0.2049 0.2621 0.2035 0.3295

MOTIF filter2
letter-probability matrix: alength= 4 w= 7 nsites= 6058
0.0511 0.4951 0.0541 0.3997
0.8152 0.0071 0.0020 0.1757
0.0053 0.8756 0.0140 0.1051
0.4921 0.0353 0.0046 0.4680
0.2199 0.1660 0.2361 0.3781
0.2760 0.2016 0.1630 0.3595
0.2641 0.2135 0.1589 0.3636

MOTIF filter3
letter-probability matrix: alength= 4 w= 7 nsites= 2838
0.0975 0.0186 0.3568 0.5271
0.2635 0.1031 0.4001 0.2333
0.3350 0.2998 0.0975 0.2678
0.2847 0.0570 0.0633 0.5950
0.3118 0.1172 0.1654 0.4057
0.2537 0.1499 0.1369 0.4595
0.2906 0.1513 0.2115 0.3466

MOTIF filter4
letter-probability matrix: alength= 4 w= 7 nsites= 22111
0.0937 0.1374 0.1825 0.5864
0.0137 0.3152 0.2910 0.3801
0.0768 0.2180 0.1298 0.5754
0.2064 0.1359 0.1290 0.5287
0.2055 0.2586 0.1959 0.3399
0.2192 0.2533 0.1740 0.3535
0.2331 0.2427 0.1854 0.3388

MOTIF filter5
letter-probability matrix: alength= 4 w= 7 nsites= 27392
0.0165 0.0826 0.0078 0.8931
0.0525 0.1343 0.0300 0.7832
0.0731 0.5027 0.0979 0.3263
0.2953 0.3288 0.1001 0.2757
0.2173 0.2186 0.1321 0.4320
0.2504 0.1712 0.1717 0.4067
0.2270 0.1828 0.1530 0.4372

MOTIF filter6
letter-probability matrix: alength= 4 w= 7 nsites= 7748
0.1432 0.4573 0.3108 0.0888
0.3713 0.1244 0.0404 0.4640
0.1055 0.4487 0.0257 0.4201
0.1678 0.0829 0.0871 0.6622
0.1905 0.2269 0.2479 0.3346
0.2526 0.2274 0.2043 0.3157
0.2610 0.2083 0.1945 0.3362

MOTIF filter7
letter-probability matrix: alength= 4 w= 7 nsites= 5731
0.0865 0.4098 0.0382 0.4656
0.2452 0.0145 0.4622 0.2781
0.2678 0.0171 0.6720 0.0431
0.3780 0.2530 0.0542 0.3147
0.2622 0.2183 0.2277 0.2917
0.1885 0.1908 0.3020 0.3187
0.2023 0.2391 0.2699 0.2888

MOTIF filter8
letter-probability matrix: alength= 4 w= 7 nsites= 9605
0.0796 0.3191 0.5162 0.0851
0.1865 0.1441 0.4720 0.1974
0.2768 0.2143 0.3698 0.1391
0.2957 0.2465 0.3536 0.1042
0.2501 0.2322 0.2794 0.2383
0.2181 0.2235 0.3270 0.2313
0.2143 0.2412 0.2927 0.2517

MOTIF filter9
letter-probability matrix: alength= 4 w= 7 nsites= 4467
0.7137 0.0774 0.0078 0.2011
0.0022 0.8683 0.1038 0.0257
0.9298 0.0045 0.0425 0.0233
0.0398 0.2389 0.3959 0.3254
0.2829 0.2118 0.2212 0.2841
0.2384 0.2257 0.2214 0.3145
0.2832 0.1953 0.2395 0.2820

MOTIF filter10
letter-probability matrix: alength= 4 w= 7 nsites= 10268
0.0717 0.0971 0.0713 0.7599
0.1922 0.1835 0.0675 0.5569
0.2034 0.1311 0.1943 0.4712
0.1235 0.0817 0.3046 0.4902
0.1841 0.1515 0.1540 0.5104
0.1707 0.1476 0.1419 0.5398
0.1954 0.1508 0.1717 0.4821

MOTIF filter11
letter-probability matrix: alength= 4 w= 7 nsites= 10800
0.3734 0.0136 0.4588 0.1542
0.3869 0.0060 0.4547 0.1524
0.6849 0.0050 0.2091 0.1010
0.4454 0.0178 0.3001 0.2368
0.3272 0.1630 0.2340 0.2758
0.3325 0.1703 0.1984 0.2988
0.3157 0.1700 0.2126 0.3016

MOTIF filter12
letter-probability matrix: alength= 4 w= 7 nsites= 12596
0.0269 0.1479 0.1723 0.6529
0.5227 0.0206 0.3129 0.1437
0.4909 0.0929 0.2213 0.1950
0.2352 0.2304 0.3191 0.2152
0.2918 0.2007 0.1983 0.3091
0.2534 0.1679 0.2309 0.3479
0.2231 0.1985 0.2451 0.3333

MOTIF filter13
letter-probability matrix: alength= 4 w= 7 nsites= 8347
0.1179 0.6929 0.0685 0.1207
0.0427 0.1346 0.0577 0.7649
0.2115 0.2457 0.0519 0.4910
0.1908 0.4562 0.0847 0.2684
0.2522 0.2486 0.1249 0.3743
0.2452 0.2181 0.1611 0.3756
0.2747 0.2149 0.1463 0.3640

MOTIF filter14
letter-probability matrix: alength= 4 w= 7 nsites= 5091
0.1678 0.0128 0.5967 0.2228
0.4561 0.3413 0.0658 0.1368
0.0361 0.0612 0.4216 0.4811
0.0269 0.2479 0.5929 0.1323
0.2257 0.2744 0.2640 0.2359
0.2084 0.2318 0.3023 0.2575
0.2071 0.2446 0.3221 0.2263

MOTIF filter15
letter-probability matrix: alength= 4 w= 7 nsites= 12200
0.0583 0.1005 0.7067 0.1345
0.5888 0.0601 0.1985 0.1527
0.5287 0.0094 0.3628 0.0991
0.7364 0.0409 0.0181 0.2046
0.2913 0.1675 0.2344 0.3068
0.2892 0.1745 0.2445 0.2918
0.2871 0.2000 0.2188 0.2941

