MEME version 4

ALPHABET= ACGU

Background letter frequencies:
A 0.3022 C 0.2417 G 0.1658 U 0.2904

MOTIF filter0
letter-probability matrix: alength= 4 w= 7 nsites= 31004
0.0768 0.4606 0.0708 0.3918
0.7827 0.0064 0.0118 0.1991
0.3254 0.2168 0.0141 0.4436
0.3936 0.0197 0.0654 0.5213
0.2357 0.2959 0.1558 0.3126
0.3700 0.2120 0.1270 0.2910
0.2765 0.2835 0.1259 0.3141

MOTIF filter1
letter-probability matrix: alength= 4 w= 7 nsites= 17894
0.2072 0.5232 0.0107 0.2589
0.3180 0.2448 0.0211 0.4161
0.0288 0.8732 0.0729 0.0251
0.8526 0.0947 0.0408 0.0119
0.1364 0.5384 0.0958 0.2294
0.4331 0.2809 0.0815 0.2046
0.2175 0.4530 0.1014 0.2282

MOTIF filter2
letter-probability matrix: alength= 4 w= 7 nsites= 8759
0.0359 0.7156 0.0282 0.2202
0.9085 0.0046 0.0007 0.0863
0.0022 0.9304 0.0065 0.0609
0.6437 0.0417 0.0029 0.3118
0.1992 0.3542 0.1434 0.3031
0.4148 0.1995 0.1165 0.2692
0.2352 0.3699 0.1131 0.2819

MOTIF filter3
letter-probability matrix: alength= 4 w= 7 nsites= 4092
0.1211 0.0361 0.3511 0.4917
0.2761 0.1489 0.3564 0.2185
0.3513 0.3118 0.1006 0.2363
0.3096 0.0745 0.0493 0.5667
0.3438 0.1479 0.1699 0.3384
0.2971 0.1658 0.1201 0.4170
0.3167 0.1868 0.1865 0.3101

MOTIF filter4
letter-probability matrix: alength= 4 w= 7 nsites= 16960
0.1386 0.1432 0.1614 0.5568
0.0209 0.3638 0.2766 0.3387
0.1039 0.2494 0.1153 0.5315
0.2553 0.1606 0.1162 0.4678
0.2363 0.2938 0.1701 0.2998
0.2684 0.2852 0.1461 0.3003
0.2712 0.2629 0.1576 0.3083

MOTIF filter5
letter-probability matrix: alength= 4 w= 7 nsites= 18454
0.0285 0.1116 0.0110 0.8490
0.0931 0.1482 0.0337 0.7250
0.0805 0.5811 0.0881 0.2503
0.3887 0.3131 0.0871 0.2111
0.2494 0.2524 0.1296 0.3685
0.3173 0.1795 0.1629 0.3403
0.2686 0.1976 0.1549 0.3788

MOTIF filter6
letter-probability matrix: alength= 4 w= 7 nsites= 14053
0.1920 0.5145 0.2150 0.0785
0.4725 0.1215 0.0391 0.3669
0.1135 0.4993 0.0253 0.3620
0.2740 0.0934 0.0767 0.5560
0.2259 0.2853 0.2050 0.2838
0.3531 0.2189 0.1635 0.2645
0.2888 0.2582 0.1552 0.2979

MOTIF filter7
letter-probability matrix: alength= 4 w= 7 nsites= 6060
0.0904 0.3885 0.0391 0.4820
0.2734 0.0190 0.4200 0.2876
0.3214 0.0297 0.5866 0.0623
0.3818 0.2366 0.0557 0.3259
0.2869 0.2131 0.2117 0.2883
0.2144 0.1928 0.2673 0.3255
0.2251 0.2315 0.2530 0.2904

MOTIF filter8
letter-probability matrix: alength= 4 w= 7 nsites= 6816
0.0711 0.3248 0.5245 0.0796
0.2229 0.1455 0.4610 0.1707
0.2843 0.2348 0.3449 0.1361
0.3292 0.2323 0.3412 0.0974
0.2636 0.2589 0.2394 0.2380
0.2603 0.2198 0.2956 0.2243
0.2302 0.2544 0.2711 0.2443

MOTIF filter9
letter-probability matrix: alength= 4 w= 7 nsites= 15222
0.9436 0.0143 0.0011 0.0409
0.0001 0.9772 0.0181 0.0045
0.9799 0.0009 0.0147 0.0045
0.0128 0.7160 0.1017 0.1694
0.7179 0.0856 0.1014 0.0950
0.0929 0.6732 0.0900 0.1439
0.6757 0.1171 0.1033 0.1039

MOTIF filter10
letter-probability matrix: alength= 4 w= 7 nsites= 5385
0.1184 0.0883 0.1021 0.6912
0.2607 0.1568 0.0800 0.5025
0.2342 0.1058 0.2327 0.4274
0.1381 0.0559 0.3617 0.4444
0.2346 0.1351 0.1741 0.4563
0.2138 0.1399 0.1627 0.4836
0.2381 0.1369 0.1874 0.4376

MOTIF filter11
letter-probability matrix: alength= 4 w= 7 nsites= 15193
0.3961 0.0219 0.4136 0.1685
0.4060 0.0156 0.4074 0.1710
0.6734 0.0094 0.2010 0.1163
0.4405 0.0313 0.2808 0.2474
0.3403 0.1913 0.2074 0.2610
0.3486 0.1941 0.1744 0.2830
0.3438 0.1878 0.1848 0.2836

MOTIF filter12
letter-probability matrix: alength= 4 w= 7 nsites= 12494
0.0344 0.1659 0.1521 0.6475
0.5687 0.0220 0.2856 0.1236
0.5046 0.1051 0.2066 0.1836
0.2585 0.2422 0.2980 0.2012
0.3241 0.2059 0.1775 0.2925
0.2750 0.1835 0.2183 0.3232
0.2499 0.2247 0.2180 0.3074

MOTIF filter13
letter-probability matrix: alength= 4 w= 7 nsites= 6956
0.1440 0.7075 0.0612 0.0874
0.0914 0.1724 0.0534 0.6828
0.2848 0.2968 0.0428 0.3756
0.2385 0.4878 0.0687 0.2050
0.3062 0.2945 0.0922 0.3070
0.2945 0.2680 0.1233 0.3142
0.3068 0.2744 0.1175 0.3013

MOTIF filter14
letter-probability matrix: alength= 4 w= 7 nsites= 3954
0.1814 0.0099 0.5884 0.2203
0.4596 0.3338 0.0657 0.1410
0.0331 0.0659 0.4030 0.4980
0.0339 0.2428 0.5859 0.1374
0.2400 0.2678 0.2585 0.2337
0.2342 0.2269 0.2880 0.2509
0.2110 0.2383 0.3151 0.2357

MOTIF filter15
letter-probability matrix: alength= 4 w= 7 nsites= 12160
0.0675 0.1205 0.6717 0.1403
0.6157 0.0658 0.1743 0.1443
0.5317 0.0153 0.3427 0.1103
0.7328 0.0487 0.0207 0.1978
0.3066 0.1876 0.2217 0.2840
0.3214 0.1795 0.2146 0.2846
0.2902 0.2156 0.2063 0.2878

